Samples	LATITUDE	LONGITUDE	Populations	indexing_pops	index_pop_lat
CIho00497	27.0652	30.0652	3	490	117
CIho01458	33.4126	44.7126	2	211	282
CIho01461	33.4127	44.7127	2	212	283
CIho01468	33.4129	44.7129	2	213	284
CIho01604	8.0714	38.0714	4	718	9
CIho02266	39.9184	67.2017	2	214	514
CIho02337	33.113	44.113	2	215	264
CIho02339	33.1132	44.1132	2	216	265
CIho02479	36.0381	0.1381	3	491	386
CIho03549	33.0221	6.0221	3	492	258
CIho03556	28.1655	30.8155	3	493	148
CIho03576	31.5823	25.2323	3	494	213
CIho03581	31.5824	25.2324	3	495	214
CIho03642	30.9825	29.5991	3	496	202
CIho03694	26.1327	34.166	3	497	115
CIho03709	31.0494	29.8328	3	498	204
CIho03734	31.0495	29.8329	3	499	205
CIho03826	34.3042	74.4542	2	217	312
CIho03853	34.3376	74.8876	2	218	314
CIho03865	34.3377	74.8877	2	219	315
CIho03886	34.3212	75.1045	2	220	313
CIho04049	46.7595	96.5595	2	221	744
CIho04050	46.3262	95.3929	2	222	722
CIho04056	46.1432	105.1432	2	223	710
CIho04063	46.76	96.56	2	224	745
CIho04064	46.7601	96.5601	2	225	746
CIho04069	46.6602	96.4768	2	226	740
CIho04074	46.7604	96.5604	2	227	747
CIho04083	46.7938	96.6105	2	228	748
CIho04087	60.1793	100.1793	1	1	791
CIho04088	60.1794	100.1794	2	229	792
CIho04095	41.8047	44.8713	1	2	595
CIho04144	34.9334	68.4834	2	230	334
CIho04159	34.4503	68.7836	2	231	320
CIho04176	35.0673	67.6673	2	232	341
CIho04184	35.734	69.534	2	233	371
CIho04188	34.5289264	69.17312513	2	234	322
CIho05023	20.1046	77.1046	2	235	93
CIho05024	20.1047	77.1047	3	500	94
CIho06294	38.5612	38.5112	3	501	465
CIho06557	62.1589	10.1589	3	502	799
CIho06601	34.9509	70.0676	2	236	336
CIho06702	42.088081	43.588005	1	3	621
CIho06721	30.074379	31.277231	3	503	177
CIho06950	32.1087	53.1087	2	237	219
CIho06952	32.7755	51.7421	2	238	248
CIho10058	39.6742	-7.8258	3	504	506
CIho10549	35.2037	38.2037	1	4	345
CIho10550	35.2038	38.2038	1	5	346
CIho11688	34.8679	68.0012	2	239	332
CIho11709	7.9048	36.7382	4	719	7
CIho11757	35.8074569	139.875189	2	240	374
CIho11812	8.0717	38.0717	4	720	10
CIho11849	8.0719	38.0719	4	721	11
CIho13141	8.072	38.072	4	722	12
CIho13353	12.6721	37.5388	1	6	46
CIho13737	9.3889	42.1889	4	723	37
CIho13742	15.4027	39.0027	4	724	68
CIho13743	15.4028	39.0028	4	725	69
CIho13745	15.4029	39.0029	4	726	70
CIho14051	33.1055	6.0722	3	505	261
CIho14052	34.8556	5.7389	3	506	329
CIho14053	34.8557	5.739	3	507	330
CIho14054	33.0225	6.0225	3	508	259
CIho14055	33.0226	6.0226	3	509	260
CIho14059	34.656	5.8893	3	510	325
CIho14124	11.2056	39.7056	4	727	41
CIho14151	46.1439	105.1439	2	241	711
CIho14158	46.144	105.144	2	242	712
CIho14216	46.1443	105.1443	2	243	713
CIho14219	46.1444	105.1444	2	244	714
CIho14222	46.1445	105.1445	2	245	715
CIho14228	46.1447	105.1447	2	246	716
CIho14234	46.1448	105.1448	2	247	717
CIho14239	46.1449	105.1449	2	248	718
CIho14250	36.8346	70.518	2	249	423
CIho14255	35.1181	69.3014	2	250	344
CIho14258	30.5015	62.0015	2	251	190
CIho14260	33.3016	62.1349	2	252	271
CIho14268	39.9581	116.4747	2	253	515
CIho14291	30.7083	104.1083	2	254	199
CIho14302	40.1937	44.5104	1	7	555
CIho14326	40.060116	47.060116	2	255	532
CIho14327	40.048072	47.048072	2	256	530
CIho14328	40.065217	47.065217	1	8	534
CIho14332	40.108033	47.108033	2	257	542
CIho14333	40.101752	47.101752	1	9	540
CIho14334	40.118258	47.118258	1	10	548
CIho14341	40.076993	47.076993	2	258	535
CIho14344	40.044767	47.044767	1	11	529
CIho14345	40.107946	47.107946	1	12	541
CIho14391	40.0105	45.0105	1	13	516
CIho14394	40.0106	45.0106	1	14	517
CIho14395	40.0107	45.0107	1	15	518
CIho14401	22.1503	98.1503	2	259	97
CIho14880	15.403	39.003	4	728	71
CIho14881	15.4031	39.0031	4	729	72
CIho14883	15.4033	39.0033	4	730	73
CIho14978	13.7224	39.6391	4	731	54
CIho15279	36.0249	9.6749	3	511	384
CIho15282	36.025	9.675	3	512	385
CIho15286	37.0584	10.1417	3	513	433
CIho15288	37.0585	10.1418	3	514	434
CIho15290	37.0586	10.1419	3	515	435
CIho15291	37.0587	10.142	3	516	436
CIho15299	33.8255	9.1255	3	517	301
CIho15304	33.7422	9.0256	3	518	294
CIho15309	33.7423	9.0257	3	519	295
CIho15310	33.8091	9.1258	3	520	298
CIho15311	33.8092	9.1259	3	521	299
CIho15313	33.8093	9.126	3	522	300
CIho15326	33.7927	9.0594	3	523	297
CIho15336	33.6928	9.2095	3	524	292
CIho15339	33.9429	9.0263	3	525	304
CIho15349	33.9931	9.0598	3	526	305
CIho15350	33.9932	9.0599	3	527	306
CIho15355	34.2101	9.2101	3	528	309
CIho15362	37.484623	10.08411	3	529	446
CIho15364	34.2271	8.4604	3	530	311
CIho15365	34.1938	8.3772	3	531	308
PI005873	50.0421	10.1754	1	16	784
PI024497	37.8331	62.3831	2	260	450
PI026179	25.1349	17.1349	3	532	109
PI027933	41.8049	44.8715	3	533	596
PI029004	37.8465	62.0498	2	261	451
PI030842	27.355	80.855	2	262	123
PI035051	40.7351	71.8851	1	17	575
PI038305	60.18	32.18	2	263	793
PI038310	60.1801	32.1801	2	264	794
PI038317	60.1802	32.1802	1	18	795
PI038320	60.1803	32.1803	1	19	796
PI038484	36.405141	37.365073	1	20	406
PI038485	36.405241	37.365173	1	21	407
PI039368	26.0886	85.7886	2	265	114
PI039590	35.4229667	0.1729667	3	534	361
PI042888	15.74717187	32.72780585	3	535	83
PI047541	32.109	53.109	2	266	220
PI048641	32.1091	53.1091	1	22	221
PI054915	66.3597	12.743	2	267	803
PI055526	34.2107	9.2107	3	536	310
PI057015	33.1134	44.1134	1	23	266
PI057047	33.1065	6.0732	3	537	262
PI057048	33.1066	6.0733	3	538	263
PI057057	34.8567	5.74	3	539	331
PI057065	36.7568	3.0568	1	24	420
PI057089	30.6251	114.3585	2	268	196
PI057095	42.088281	43.588205	1	25	622
PI057097	42.088381	43.588305	1	26	623
PI057098	42.088481	43.588405	1	27	624
PI057099	42.088581	43.588505	1	28	625
PI057106	42.088681	43.588605	2	269	626
PI057296	42.3419	123.8586	2	270	634
PI057752	31.479278	31.524278	3	540	211
PI057958	31.5798	73.2464	2	271	212
PI058057	40.1919	-3.8081	3	541	554
PI060205	31.792	80.4087	2	272	218
PI060663	33.0185	13.3019	3	542	257
PI060679	30.0833	31.2833	2	273	178
PI060694	8.0725	38.0725	4	732	13
PI060701	29.5667	34.0667	3	543	163
PI061509	40.1941	44.5108	1	29	556
PI061510	40.1942	44.5109	1	30	557
PI061576	46.1454	105.1454	2	274	719
PI061589	46.1458	105.1458	2	275	720
PI064004	28.0069	3.0069	3	544	142
PI064022	41.51674644	69.46837045	2	276	589
PI068187	40.112521	47.112521	2	277	545
PI068189	40.110724	47.110724	2	278	544
PI068193	40.110394	47.110394	2	279	543
PI068208	40.097037	47.097037	1	31	538
PI068209	40.101015	47.101015	1	32	539
PI068218	40.117041	47.117041	2	280	546
PI068226	40.026485	47.026485	1	33	527
PI069421	36.7589	114.5589	3	545	421
PI069563	45.7923	126.6923	3	546	709
PI070839	43.9385	125.3685	3	547	684
PI070853	42.8425	126.1925	3	548	641
PI073291	40.011	45.011	1	34	519
PI073292	40.0111	45.0111	1	35	520
PI073296	40.085223	47.085223	1	36	536
PI073297	40.092358	47.092358	1	37	537
PI073299	40.0113	45.0113	3	549	521
PI073301	40.0114	45.0114	1	38	522
PI073303	40.117675	47.117675	2	281	547
PI073700	49.6426	117.4759333	3	550	782
PI076280	33.3968	44.6302	4	733	273
PI076281	33.3969	44.6303	1	39	274
PI076284	33.397	44.6304	2	282	275
PI076285	33.3971	44.6305	2	283	276
PI076286	33.3972	44.6306	2	284	277
PI076290	33.3973	44.6307	2	285	278
PI076291	33.3974	44.6308	2	286	279
PI076294	33.3975	44.6309	2	287	280
PI076296	33.3977	44.6311	2	288	281
PI076514	43.1806	47.1806	2	289	656
PI078786	42.088781	43.588705	1	40	627
PI080937	35.738517	138.7305	2	290	372
PI080938	36.6726	138.2393	2	291	417
PI083794	40.5777	129.0277	2	292	572
PI084311	41.8524	60.4024	2	293	599
PI084312	43.4192	59.9192	2	294	664
PI084313	43.4193	59.9193	2	295	665
PI084314	42.1027	60.6527	2	296	630
PI086185	60.1807	32.1807	2	297	797
PI086189	60.1809	32.1809	1	41	798
PI087180	36.1296	127.8296	2	298	391
PI087752	36.6481	126.9297	2	299	416
PI087754	35.8798	127.3798	2	300	376
PI087757	35.8799	127.3799	2	301	377
PI087763	35.88	127.38	2	302	378
PI087765	35.8801	127.3801	2	303	379
PI087767	35.8802	127.3802	2	304	380
PI087778	35.5909	128.3435	2	305	366
PI087780	39.16175284	125.8822182	2	306	483
PI087782	39.16195284	125.8824182	2	307	484
PI087795	35.8804	127.3804	2	308	381
PI087800	36.4638333	128.8805	2	309	411
PI087815	36.4640333	128.8807	2	310	412
PI087835	41.7159778	129.7343111	2	311	594
PI087836	39.16215284	125.8826182	2	312	485
PI087838	39.16225284	125.8827182	2	313	486
PI087839	39.16235284	125.8828182	2	314	487
PI087840	39.16245284	125.8829182	3	551	488
PI087841	40.054262	125.521502	3	552	531
PI087842	38.8307444	127.5696333	2	315	475
PI087844	40.4764	127.497233	2	316	570
PI094790	42.088881	43.588805	1	42	628
PI094797	40.0615	44.5115	1	43	533
PI094801	45.481	41.081	1	44	707
PI094806	42.0819	45.0819	1	45	620
PI094834	50.209514	36.471418	1	46	786
PI094853	40.3882	50.0048	2	317	568
PI094856	42.088981	43.588905	2	318	629
PI094875	45.4811	41.0811	3	553	708
PI094886	40.5781	50.0947	3	554	573
PI094919	50.199614	36.471518	3	555	785
PI117347	38.082854	32.696136	1	47	455
PI125321	33.0017	66.0017	2	319	251
PI129484	64.0788	26.0788	3	556	801
PI134636	34.4185	69.3851	2	320	317
PI135758	35.9352	66.4186	2	321	382
PI135761	34.552	65.152	2	322	323
PI138698	27.4259	56.3925	2	323	129
PI138699	30.392509	57.18809	2	324	184
PI138706	30.4927	57.6594	2	325	189
PI138709	29.2095	58.4595	2	326	159
PI138710	32.1096	53.1096	2	327	222
PI138711	32.1097	53.1097	2	328	223
PI138722	31.1431	52.9431	2	329	208
PI138726	29.1099	53.1099	2	330	157
PI140277	33.0021	66.0021	2	331	252
PI140278	34.8189	67.8189	2	332	328
PI141423	33.5767	49.1767	1	48	290
PI141441	36.3268	57.8101	3	557	400
PI151787	8.0726	38.0726	4	734	14
PI151795	8.0727	38.0727	3	558	15
PI155303	15.7551	47.7551	4	735	84
PI164385	29.9055	75.9388	2	333	170
PI164744	15.4556	75.2723	2	334	78
PI165883	30.3557	79.439	2	335	182
PI166058	27.3558	80.8558	2	336	124
PI166060	27.3559	80.8559	2	337	125
PI166078	30.356	79.4393	2	338	183
PI167271	37.2117	35.5117	3	559	442
PI168328	39.7951	27.2285	3	560	510
PI168367	39.3119	33.2952	1	49	501
PI173518	41.829	35.829	3	561	598
PI173577	38.5791	34.2291	3	562	469
PI176004	30.1394	80.2894	2	339	179
PI176010	30.1395	80.2895	3	563	180
PI176021	29.9396	79.6063	2	340	171
PI176035	29.9397	79.6064	2	341	172
PI176042	29.9398	79.6065	2	342	173
PI176061	29.9399	79.6066	2	343	174
PI176071	28.1505	84.1505	2	344	144
PI176112	30.49	78.59	2	345	188
PI176113	30.6068	78.7735	2	346	191
PI176118	30.6069	78.7736	2	347	192
PI176129	30.607	78.7737	2	348	193
PI176144	30.6071	78.7738	2	349	194
PI176162	30.6072	78.7739	2	350	195
PI178283	38.1125	34.7792	3	564	456
PI178285	37.0293	35.9626	3	565	431
PI178332	41.3627	28.0127	3	566	586
PI178594	38.563083	38.529569	1	50	466
PI178609	40.866333	36.046056	3	567	576
PI178636	33.4146	44.7146	1	51	285
PI178637	33.4147	44.7147	2	351	286
PI181102	32.6906	77.1073	2	352	247
PI181108	24.9407	72.8574	2	353	108
PI181113	24.0242	72.4908	2	354	106
PI182373	40.4964	40.3964	1	52	571
PI182602	38.025022	139.146411	2	355	452
PI182659	35.2041	38.2041	1	53	347
PI182661	33.8846	36.0013	3	568	302
PI182662	33.8847	36.0014	1	54	303
PI182679	33.7042	36.5042	3	569	293
PI182681	32.9543	36.7043	1	55	250
PI182684	34.9377	36.9211	3	570	335
PI182687	35.3378	36.9545	1	56	356
PI182691	36.4046	37.3713	1	57	404
PI182693	36.7047	41.2047	1	58	419
PI182694	36.4048	37.3715	1	59	405
PI182726	40.1466	44.2466	2	356	553
PI183631	47.5667	16.1	3	571	774
PI183636	48.4169	16.2336	3	572	778
PI184103	43.2962	19.2462	1	60	657
PI184112	43.4963	19.4963	1	61	670
PI186125	37.1319	127.6319	2	357	438
PI186130	37.132	127.632	2	358	439
PI186134	37.1321	127.6321	2	359	440
PI186424	8.0728	38.0728	4	736	16
PI190271	34.784767	134.0581	2	360	327
PI190771	33.1234	131.1234	3	573	270
PI190786	40.129	127.129	2	361	549
PI190787	40.1291	127.1291	2	362	550
PI190790	40.1293	127.1293	3	574	551
PI190824	35.5936	128.3462	3	575	367
PI190852	37.1334	127.6334	2	363	441
PI193799	9.1062	38.7729	4	737	35
PI194951	12.673	37.5397	4	738	47
PI194952	12.6731	37.5398	4	739	48
PI198734	33.5523	68.419	2	364	289
PI217948	34.0635	70.2635	2	365	307
PI220659	34.9857	68.7357	1	62	337
PI220660	35.7525	69.0025	2	366	373
PI223143	31.1254	36.1254	3	576	206
PI223446	37.1193	70.5693	2	367	437
PI223509	34.4194	70.4527	2	368	318
PI223879	36.0028	69.7528	2	369	383
PI225136	32.1102	53.1102	2	370	224
PI226639	29.7436	51.8436	1	63	167
PI227449	29.1104	53.1104	1	64	158
PI233834	31.1259	36.1259	3	577	207
PI235186	25.1353	17.1353	3	578	110
PI243581	38.344	48.4107	1	65	462
PI243587	35.8441	50.4941	2	371	375
PI243588	30.394109	57.18969	2	372	185
PI243607	36.3277	57.811	2	373	401
PI243609	37.5778	57.4278	2	374	447
PI244041	14.2219	44.4385	2	375	59
PI244785	34.5197	69.1863	1	66	321
PI244791	35.0031	69.1698	2	376	338
PI244807	36.9445	54.5945	2	377	429
PI244823	36.1636	75.1636	2	378	392
PI244826	35.4637	75.7804	2	379	362
PI247928	35.0552	33.0552	3	579	339
PI250365	30.1638	70.1638	2	380	181
PI250366	33.6806	74.0806	2	381	291
PI250775	31.6032	65.7032	2	382	215
PI250778	31.6033	65.7033	2	383	216
PI250861	36.4113	59.7113	1	67	408
PI253313	44.4279	17.1112	1	68	690
PI253938	35.6649	45.5482	1	69	370
PI264210	25.1356	17.1356	3	580	111
PI264251	40.13337438	33.06777094	1	70	552
PI264864	44.5862	10.0362	1	71	692
PI264870	39.2469	39.7303	1	72	491
PI264888	37.4364	15.0697	3	581	445
PI264890	37.7531	14.8865	3	582	449
PI264891	41.2532	13.9866	3	583	582
PI264894	38.5701	16.7034	3	584	468
PI264897	35.5952	23.9285	3	585	368
PI264903	36.4786	25.562	3	586	413
PI264904	36.3121	27.9287	3	587	398
PI264906	36.2788	27.9288	3	588	396
PI264909	40.9457	25.8457	3	589	579
PI264911	40.6291	23.7791	3	590	574
PI264912	40.3626	23.5292	3	591	567
PI264916	42.8197	17.9697	3	592	640
PI264921	43.7365	16.1532	3	593	681
PI264922	45.47	14.9533	3	594	706
PI264923	45.2867	13.9867	3	595	705
PI264926	41.2535	13.9869	1	73	583
PI268241	29.7281	52.3447	1	74	166
PI268250	32.7948	47.3782	2	384	249
PI268255	30.4116	51.5949	1	75	186
PI268256	30.4117	51.595	1	76	187
PI269899	33.5307	70.714	3	596	288
PI269912	36.2474	72.2141	2	385	395
PI273905	7.9065	36.7399	4	740	8
PI277393	9.14	38.5733	4	741	36
PI282616	31.6172	34.8672	3	597	217
PI283397	40.0116	45.0116	1	77	523
PI283410	60.0821	100.0821	3	598	790
PI283433	35.0553	33.0553	3	599	340
PI283441	8.0734	38.0734	4	742	17
PI285118	15.0701	39.0701	1	78	66
PI285124	9.7568	39.6068	4	743	39
PI286388	15.4035	39.0035	4	744	74
PI286389	15.0703	39.0703	4	745	67
PI289811	32.2952	48.3452	2	386	245
PI290346	8.0736	38.0736	3	600	18
PI295442	9.4238	38.8405	4	746	38
PI295581	7.2739	38.6739	4	747	4
PI296185	15.7553	47.7553	1	79	85
PI296192	39.2068	71.2068	2	387	489
PI296453	15.4037	39.0037	4	748	75
PI296455	13.574	39.5407	1	80	53
PI296457	14.2741	39.4908	4	749	61
PI296459	14.7538	39.4872	3	601	65
PI296460	15.8373	38.5206	4	750	88
PI296472	8.0742	38.0742	4	751	19
PI298708	7.8076	36.6576	4	752	6
PI298738	9.8577	38.7577	4	753	40
PI316801	8.0745	38.0745	4	754	20
PI316874	8.0747	38.0747	4	755	21
PI319867	39.272712	35.125246	4	756	492
PI327606	41.2730453	-98.5631519	3	602	584
PI327680	46.69707261	30.95222215	3	603	743
PI327701	45.225	42.1556	1	81	696
PI327702	45.2251	42.1557	1	82	697
PI327704	45.2252	42.1558	1	83	698
PI327708	45.2254	42.156	1	84	699
PI327709	45.2255	42.1561	1	85	700
PI327719	48.6698	35.2031333	3	604	780
PI327724	49.775787	25.825465	3	605	783
PI327738	45.2316	39.1553	1	86	704
PI327763	45.2257	42.1563	3	606	701
PI327764	45.2258	42.1564	1	87	702
PI327783	45.2259	42.1565	1	88	703
PI327810	43.6832	43.6832	1	89	680
PI327827	39.2308889	45.4342222	3	607	490
PI327830	40.4169	60.2369	2	388	569
PI327833	41.960642	64.10221	2	389	603
PI327836	48.67	35.2033333	3	608	781
PI327837	39.7951	45.2951	2	390	509
PI327838	40.0119	45.0119	3	609	524
PI327840	40.8787	45.1453	1	90	577
PI327842	40.8788	45.1454	1	91	578
PI327849	40.2271	60.2271	2	391	559
PI327854	40.2473	60.2473	2	392	560
PI327857	38.4676	59.9726	2	393	463
PI327858	40.2777	60.3277	2	394	561
PI327860	40.2979	60.3479	2	395	563
PI327861	41.960742	64.10231	3	610	604
PI327862	39.9074667	67.2130222	2	396	512
PI327863	39.9075667	67.2131222	2	397	513
PI327864	40.0282222	64.6821111	2	398	528
PI327866	40.0122	45.0122	2	399	525
PI327868	38.468	59.968	1	92	464
PI327869	40.3081	60.3581	2	400	564
PI327870	40.3282	60.3682	2	401	565
PI327882	40.3383	60.3783	2	402	566
PI327907	43.0324	25.0324	3	611	643
PI328152	43.0326	25.0326	3	612	644
PI328154	43.0327	25.0327	3	613	645
PI328155	43.0328	25.0328	3	614	646
PI328162	43.0331	25.0331	3	615	647
PI328171	41.4471	35.6971	1	93	588
PI328200	39.272912	35.125446	3	616	493
PI328207	39.273012	35.125546	3	617	494
PI328208	39.273112	35.125646	3	618	495
PI328244	39.273212	35.125746	3	619	496
PI328253	39.273312	35.125846	3	620	497
PI328279	39.273412	35.125946	3	621	498
PI328299	38.0645	27.4645	3	622	454
PI328327	39.8637667	28.1007111	3	623	511
PI328336	39.273712	35.126246	1	94	499
PI328388	35.1127	25.846	3	624	342
PI328409	36.7961	22.4794	3	625	422
PI328417	38.0295	23.6295	3	626	453
PI328484	35.2521457	24.99131953	3	627	350
PI328485	35.1131	26.1964	3	628	343
PI328486	35.5632	23.8798	3	629	365
PI328498	37.6966	22.1466	3	630	448
PI328520	39.0967	22.0967	3	631	480
PI328577	36.8468	22.6635	3	632	425
PI328578	35.2969	26.2136	3	633	354
PI328632	35.4637	23.7303	3	634	363
PI328637	37.3471	22.6471	1	95	444
PI328639	39.0972	22.0972	3	635	481
PI328728	33.0036	66.0036	2	403	254
PI328729	33.0037	66.0037	3	636	255
PI328787	35.3806	25.564	3	637	359
PI328858	51.5937	10.5937	1	96	787
PI328907	39.273812	35.126346	1	97	500
PI328924	38.2204	15.7704	3	638	459
PI328945	38.2205	15.7705	3	639	460
PI328976	8.0748	38.0748	1	98	22
PI329000	8.0749	38.0749	4	757	23
PI329032	37.0141	22.5307	1	99	430
PI329042	37.2475	22.0642	3	640	443
PI329043	39.0976	22.0976	3	641	482
PI329114	38.1144	23.081	3	642	457
PI331217	15.404	39.004	4	758	76
PI331803	20.1077	77.1077	3	643	95
PI331878	38.2206	15.7706	4	759	461
PI331895	33.0038	66.0038	1	100	256
PI331912	42.9540333	12.9540333	3	644	642
PI342031	38.565083	38.531569	3	645	467
PI342136	38.9716667	30.7583333	1	101	478
PI342139	38.888611	29.620899	1	102	476
PI342198	38.888711	29.620999	1	103	477
PI342219	39.6394667	30.1986333	1	104	502
PI342270	39.6495667	30.1997333	1	105	503
PI342283	39.6596667	30.2008333	1	106	504
PI342329	39.6697667	30.2019333	1	107	505
PI342331	39.6798667	30.2030333	1	108	508
PI344865	45.00452469	20.6455762	3	646	693
PI344867	43.4524	21.8024	3	647	667
PI344871	42.2531	21.8364	3	648	631
PI344874	41.9365	21.0365	3	649	602
PI344885	43.5358	19.8691	1	109	675
PI344886	43.5359	19.8692	1	110	676
PI344889	41.9034	21.8867	3	650	601
PI344903	45.00502469	20.6460762	1	111	694
PI344920	43.078	18.6113	1	112	648
PI344926	43.3281	18.7781	1	113	660
PI344928	43.3949	18.8115	1	114	663
PI344930	43.5283	18.795	1	115	671
PI344932	43.4451	18.9117	1	116	666
PI344936	43.5285	18.7952	1	117	672
PI344940	43.5787	19.0954	1	118	677
PI344941	43.5788	19.0955	1	119	678
PI344942	43.5789	19.0956	1	120	679
PI344943	43.779	18.7957	1	121	682
PI344944	43.5297	19.4797	1	122	673
PI344956	43.2965	19.2632	1	123	658
PI344958	43.2966	19.2633	1	124	659
PI349896	45.00512469	20.6461762	1	125	695
PI349907	43.7791	19.4791	1	126	683
PI350713	47.0347	13.6347	1	127	766
PI350715	47.1681	13.5181	1	128	769
PI350717	47.3015	12.6682	3	651	773
PI350725	47.0683	10.635	1	129	767
PI356264	8.075	38.075	4	760	24
PI356333	8.0751	38.0751	4	761	25
PI356505	8.0752	38.0752	4	762	26
PI356580	8.0753	38.0753	4	763	27
PI356666	8.0754	38.0754	4	764	28
PI356672	32.1478	-4.8522	3	652	227
PI356696	32.1483	-4.8517	3	653	228
PI356711	32.1484	-4.8516	4	765	229
PI356713	32.1485	-4.8515	4	766	230
PI356715	32.1486	-4.8514	4	767	231
PI356718	32.1487	-4.8513	3	654	232
PI356719	32.1488	-4.8512	3	655	233
PI356732	32.1489	-4.8511	3	656	234
PI356734	32.149	-4.851	3	657	235
PI356737	32.1491	-4.8509	3	658	236
PI356741	32.1493	-4.8507	3	659	237
PI356742	32.1494	-4.8506	3	660	238
PI356755	32.1497	-4.8503	3	661	239
PI356759	32.1498	-4.8502	3	662	240
PI356763	32.1499	-4.8501	3	663	241
PI356771	32.15	-4.85	3	664	242
PI356775	32.1501	-4.8499	3	665	243
PI361691	62.1601	10.1601	3	666	800
PI362381	44.003	22.1363	3	667	685
PI366439	34.5539	65.7872	2	404	324
PI366450	34.8707	63.0873	2	405	333
PI366453	33.7708	62.2541	2	406	296
PI366478	36.6875	67.8375	2	407	418
PI370782	46.9995	9.4162	1	130	762
PI370821	46.9996	9.4163	1	131	763
PI370833	51.594	10.594	1	132	788
PI370852	47.19985838	8.213968875	1	133	770
PI370862	46.8165	10.5665	1	134	749
PI370867	46.5166	8.1499	1	135	731
PI370869	46.5167	8.15	1	136	732
PI370963	46.5668	8.2834	1	137	734
PI370966	46.6169	8.3669	1	138	738
PI370970	46.617	8.367	3	668	739
PI370983	47.20055838	8.214668875	1	139	771
PI370994	46.6838	8.4672	1	140	741
PI371017	46.6839	8.4839	1	141	742
PI371056	46.484	7.6174	1	142	729
PI371069	46.3675	8.0008	1	143	724
PI371079	46.5509	8.1676	1	144	733
PI371100	46.5677	8.2843	1	145	735
PI371102	46.5678	8.2844	1	146	736
PI371105	46.5845	8.2845	1	147	737
PI371111	46.4013	7.5846	1	148	727
PI371149	46.3181	7.7014	1	149	721
PI371156	46.4015	7.7848	1	150	728
PI371172	46.385	7.8017	1	151	726
PI371196	46.3518	8.1185	1	152	723
PI371217	46.3686	8.0019	1	153	725
PI371245	46.9687	9.652	1	154	759
PI371248	46.9354	9.6021	1	155	756
PI371275	46.9855	9.3189	1	156	761
PI371298	46.4856	7.6523	1	157	730
PI371320	46.9524	8.8857	1	158	757
PI371323	46.8858	9.0692	1	159	755
PI371327	46.8693	9.4359	1	160	754
PI371335	46.8527	9.0527	3	669	751
PI371338	46.8528	9.0528	1	161	752
PI371377	46.9696	10.3529	1	162	760
PI371384	47.153	10.603	1	163	768
PI371390	47.0031	10.4364	1	164	764
PI371392	47.0032	10.4365	1	165	765
PI371441	46.8533	9.7866	1	166	753
PI371477	46.8367	9.6201	1	167	750
PI371490	46.9535	9.3035	1	168	758
PI372077	40.9624	44.6624	1	169	580
PI374413	42.3201	21.9535	1	170	633
PI374420	44.1626	17.4293	1	171	687
PI374421	44.1627	17.4294	1	172	688
PI374423	44.2796	17.8629333	1	173	689
PI374424	43.5297	18.7964	1	174	674
PI374429	43.4697	20.8031	1	175	668
PI374437	43.4698	20.8032	3	670	669
PI378216	41.1369	20.9369	3	671	581
PI378218	44.5533	19.8033	1	176	691
PI378224	44.1534	19.7534	3	672	686
PI382275	14.3923	39.3089	4	768	64
PI382296	14.059	39.659	4	769	57
PI382343	12.5925	39.6091	4	770	44
PI382437	8.4926	39.4592	4	771	32
PI382506	14.3427	39.526	4	772	62
PI382798	12.7928	37.5094	4	773	49
PI382860	12.8596	37.7263	4	774	50
PI382911	14.3431	39.5431	4	775	63
PI382982	12.5932	39.6098	4	776	45
PI383031	8.7599	38.3099	4	777	33
PI383136	8.36	39.4934	4	778	31
PI386406	15.4041	38.7375	4	779	77
PI386462	14.2435	38.9768	4	780	60
PI386524	6.5602	38.5936	4	781	2
PI386559	11.9271	38.0938	4	782	42
PI386601	7.6105	39.3272	4	783	5
PI386650	13.2273	37.9773	4	784	51
PI386723	8.0774	38.0774	4	785	29
PI386759	8.0775	38.0775	4	786	30
PI386838	11.9276	38.0943	4	787	43
PI386844	14.1777	38.5777	4	788	58
PI386940	7.1445	38.8611	4	789	3
PI387098	8.9947	38.728	4	790	34
PI390302	41.3538	21.3371	3	673	585
PI390304	41.5705	22.2872	3	674	591
PI390323	41.6708	22.6708	3	675	593
PI405744	41.8709	21.8876	3	676	600
PI405756	41.5544	22.021	3	677	590
PI405762	41.6378	22.0211	3	678	592
PI405780	41.3713	22.738	3	679	587
PI405792	42.0214	22.3214	3	680	618
PI405802	42.2882	22.1549	3	681	632
PI410437	33.0024	13.469	3	682	253
PI410444	35.3642	74.2142	2	408	358
PI410451	36.481	75.0476	2	409	414
PI410456	36.3811	73.3644	2	410	403
PI410464	36.5978	73.5478	2	411	415
PI410465	36.4313	73.5813	2	412	409
PI410471	36.3314	73.1314	2	413	402
PI410475	36.3148	73.0648	2	414	399
PI410478	36.4482	73.9482	2	415	410
PI410481	36.215	74.2983	2	416	394
PI410483	35.6151	74.9651	2	417	369
PI410507	35.4152	76.0152	2	418	360
PI410509	35.332	76.2486	2	419	355
PI410516	35.2821	76.1321	2	420	353
PI410520	35.3488	76.0655	2	421	357
PI410522	35.4656	75.9323	2	422	364
PI410525	36.0824	72.0657	2	423	389
PI415314	41.9716333	22.1383	3	683	605
PI415330	41.9717333	22.1384	3	684	606
PI415331	41.9718333	22.1385	3	685	607
PI415348	41.9719333	22.1386	3	686	608
PI415349	41.9720333	22.1387	3	687	609
PI415362	41.9721333	22.1388	3	688	610
PI415363	41.9722333	22.1389	3	689	611
PI415365	41.9723333	22.139	3	690	612
PI420454	41.9726333	22.1393	3	691	613
PI420459	41.9727333	22.1394	3	692	614
PI420462	41.9728333	22.1395	3	693	615
PI420463	41.9729333	22.1396	3	694	616
PI420482	41.9731333	22.1398	3	695	617
PI420922	32.2098	35.8432	3	696	244
PI420923	30.7766	35.7599	1	177	201
PI422225	15.6054	44.4554	3	697	79
PI422226	13.2888	44.1555	4	791	52
PI422230	15.7557	47.7557	4	792	86
PI422232	15.6058	44.4558	4	793	80
PI422233	15.6059	44.4559	1	178	81
PI429311	13.8227	44.2893	4	794	55
PI429312	13.8228	44.2894	4	795	56
PI429313	15.7729	44.1562	4	796	87
PI429314	15.673	44.5896	2	424	82
PI429360	36.312	48.312	1	179	397
PI429504	27.3842	87.2342	2	425	126
PI429519	27.4178	87.1344	2	426	128
PI429521	27.5345	87.5512	2	427	130
PI429526	27.6013	87.368	2	428	134
PI429533	27.7181	87.3847	2	429	136
PI429546	27.6015	87.0348	2	430	135
PI429594	27.7349	86.6016	2	431	137
PI429883	34.3411	76.1911	2	432	316
PI429947	32.1412	76.9412	2	433	226
PI429995	29.858	80.3913	2	434	169
PI430743	17.3231	43.8397	3	698	91
PI430744	16.2565	44.4398	3	699	90
PI430745	15.9066	44.2233	3	700	89
PI434871	28.0074	3.0074	3	701	143
PI467375	48.502167	-2.581167	1	180	779
PI467467	47.2686	11.3519333	3	702	772
PI467486	47.7022333	14.2689	1	181	775
PI467625	64.0809	26.0809	1	182	802
PI467657	52.38465456	-0.478925	1	183	789
PI467684	40.2083	-8.2083	3	703	558
PI467690	40.2922	-8.3245	3	704	562
PI467691	38.7423	-7.7244	3	705	474
PI467692	39.6757	-7.8243	3	706	507
PI494169	38.1921	46.404	1	184	458
PI494175	32.5622	48.4622	1	185	246
PI513166	31.025968	72.485559	2	435	203
PI513167	30.6326	72.6159	2	436	197
PI513169	31.2827	74.616	2	437	209
PI513195	25.4329	63.6329	2	438	112
PI513197	25.833	62.2996	2	439	113
PI513200	28.644888	65.809953	2	440	152
PI513205	30.6998	67.1998	2	441	198
PI513226	36.1666	75.1666	2	442	393
PI559494	29.4017	82.4017	2	443	161
PI559501	29.3351	82.5185	2	444	160
PI559516	28.152	84.152	2	445	145
PI559518	28.1521	84.1521	2	446	146
PI559519	28.1522	84.1522	2	447	147
PI564595	27.2751	89.4418	2	448	122
PI564602	31.419	27.3023	3	707	210
PI564603	33.3384	36.7218	1	186	272
PI564607	33.5052	36.3885	1	187	287
PI564613	36.8386	40.8386	1	188	424
PI564614	36.9387	40.7721	1	189	428
PI564616	36.9055	41.0055	1	190	426
PI564620	36.9223	40.3889	1	191	427
PI564621	35.2224	37.0724	1	192	349
PI564622	35.2558	36.7558	1	193	351
PI564627	30.7168	66.8668	2	449	200
PI564637	35.2559	36.4392	3	708	352
PI564641	34.7393	37.3393	1	194	326
PI564643	34.4394	37.5394	3	709	319
PI564644	35.2062	38.2062	1	195	348
PI564647	24.6116	56.8116	4	797	107
PI564648	23.6617	57.3284	4	798	104
PI564649	23.3285	57.4951	3	710	99
PI564661	23.3286	57.4952	2	450	100
PI564662	23.3287	57.3287	4	799	101
PI564663	23.3288	57.3288	4	800	102
PI564664	23.4955	56.8289	2	451	103
PI564666	23.7457	56.6957	4	801	105
PI564669	23.1627	57.496	2	452	98
PI564678	36.0397	39.5897	2	453	387
PI572573	32.1183	35.185	3	711	225
PI573610	40.0126	45.0126	1	196	526
PI573659	43.1393	42.6726	1	197	653
PI573660	43.1227	42.9061	1	198	651
PI573661	43.1228	42.9228	1	199	652
PI573662	43.1396	42.8896	1	200	654
PI573663	43.0897	42.7064	1	201	649
PI573668	43.1398	42.8231	1	202	655
PI573675	43.09	42.7067	1	203	650
PI573682	42.7234	45.1901	1	204	638
PI573687	42.4902	45.2069	1	205	635
PI573702	42.0239	44.8239	1	206	619
PI573703	41.8074	43.074	1	207	597
PI573760	27.9023	86.9023	2	454	138
PI573786	27.5691	86.2357	2	455	132
PI573792	27.5692	86.2358	2	456	133
PI573802	27.9859	86.4026	2	457	141
PI573817	29.4027	81.0694	2	458	162
PI573864	28.7361	83.4861	2	459	153
PI573926	29.8197	81.403	2	460	168
PI573953	29.6531	80.7364	2	461	164
PI573967	28.5699	82.9032	2	462	149
PI573969	28.57	82.9033	2	463	150
PI573977	28.5701	82.9034	2	464	151
PI573982	28.9035	82.7368	2	465	154
PI573985	28.9036	82.7369	2	466	155
PI574003	29.6537	81.6537	2	467	165
PI574033	27.4038	86.9871	2	468	127
PI574062	27.904	86.904	2	469	139
PI574067	27.9041	86.9041	2	470	140
PI574081	28.9875	82.4042	2	471	156
PI574085	27.071	88.071	2	472	118
PI574089	27.0711	88.0711	2	473	119
PI574091	27.0712	88.0712	2	474	120
PI574094	27.0713	88.0713	2	475	121
PI574292	27.5588	90.1922	2	476	131
PI584785	33.1151	44.1151	1	208	267
PI584786	33.1152	44.1152	3	712	268
PI584788	33.1153	44.1153	2	477	269
PI584959	26.5914	117.8891778	2	478	116
PI584962	30.0620556	120.9176111	1	209	175
PI584963	36.1029889	103.8388222	2	479	390
PI584971	36.0467	96.0467	2	480	388
PI584973	42.6159667	85.5029111	1	210	636
PI584974	42.6160667	85.5030111	2	481	637
PI584975	39.047	116.047	2	482	479
PI584977	37.0471	112.0471	2	483	432
PI591876	42.7409	45.2409	3	713	639
PI591958	-7.0312222	110.5135	2	484	1
PI606305	18.4182	42.7016	4	802	92
PI606311	21.4517	40.6017	4	803	96
PI611491	30.0633556	120.9189111	2	485	176
PI636056	48.4037	21.637	3	714	777
PI636060	48.0539	20.9206	3	715	776
PI639299	43.3772	77.0772	3	716	661
PI639300	43.3773	77.0773	3	717	662
PI639344	38.620432	73.295449	2	486	470
PI639345	38.620532	73.295549	2	487	471
PI639346	38.620632	73.295649	2	488	472
PI639357	38.620732	73.295749	2	489	473
