Sample	pop6_hap	latitude	longitude
WBDC010	1	36.67	65.73
WBDC011	1	36	43.52
WBDC013	1	35.53	44.83
WBDC023	1	33.5	48.45
WBDC049	1	37.25	44.48
WBDC051	1	34.76	39.03
WBDC056	1	36.72	37.12
WBDC078	1	36.77	40.86
WBDC122	1	32.87	48.17
WBDC124	1	35.02	46.45
WBDC135	1	33.52	35.72
WBDC146	1	36.75	45.7
WBDC147	1	37.5	45.17
WBDC148	1	37.07	45.47
WBDC149	1	38.08	45
WBDC150	1	38.5	47.2
WBDC155	1	36.33	42.17
WBDC156	1	36.42	41.65
WBDC157	1	36.38	43.42
WBDC161	1	36.65	37.58
WBDC164	1	37.01	41.64
WBDC165	1	37.29	42.21
WBDC167	1	36.4	40.36
WBDC168	1	33.57	35.72
WBDC177	1	36.35	43.13
WBDC178	1	36.08	43.28
WBDC186	1	36.88	37.35
WBDC187	1	36.69	37.46
WBDC188	1	36.88	37.52
WBDC189	1	36.76	37.63
WBDC191	1	36.84	37.72
WBDC200	1	34.94	36.66
WBDC201	1	35.56	36.89
WBDC248	1	32.53	35.85
WBDC287	1	32.5	35.5
WBDC295	1	37.08	42.07
WBDC296	1	37.06	41.56
WBDC297	1	37.06	41.75
WBDC298	1	37.08	41.09
WBDC310	1	34.54	36.92
WBDC317	1	35.52	38.76
WBDC019	2	36.75	45.72
WBDC021	2	34.8	45.6
WBDC022	2	39.78	30.52
WBDC024	2	31.28	48.72
WBDC028	2	31.95	34.93
WBDC029	2	31.58	34.62
WBDC030	2	33.08	35.18
WBDC031	2	32.75	35.08
WBDC032	2	33	35.13
WBDC033	2	31.27	35.22
WBDC034	2	31.85	34.92
WBDC035	2	31.43	34.59
WBDC037	2	32.98	35.5
WBDC038	2	46.77	35.21
WBDC040	2	32.7	34.95
WBDC041	2	31.67	34.57
WBDC042	2	32.97	35.53
WBDC043	2	32.98	35.58
WBDC044	2	32.17	34.83
WBDC048	2	37.25	44.48
WBDC052	2	32.32	36.02
WBDC054	2	34.57	38.36
WBDC058	2	34.99	34.02
WBDC060	2	31.35	27.17
WBDC066	2	33.78	36.4
WBDC067	2	33.7	36.38
WBDC070	2	35.61	35.82
WBDC072	2	32.78	21.63
WBDC073	2	32.08	21.87
WBDC074	2	32.8	22.05
WBDC075	2	32.7	21.92
WBDC079	2	32.25	35.88
WBDC080	2	32.53	35.78
WBDC081	2	32.48	35.65
WBDC083	2	32.17	35.92
WBDC085	2	31.98	35.65
WBDC089	2	31.83	35.8
WBDC095	2	31.18	35.62
WBDC100	2	30.77	35.62
WBDC101	2	30.7	35.57
WBDC102	2	30.58	35.57
WBDC103	2	30.2	35.47
WBDC104	2	31.18	35.62
WBDC108	2	33.94	36.71
WBDC111	2	33.84	36.54
WBDC121	2	29.72	51.78
WBDC126	2	33.45	35.32
WBDC128	2	33.84	36.17
WBDC132	2	33.47	35.87
WBDC133	2	33.62	35.82
WBDC134	2	33.62	35.77
WBDC136	2	33.52	35.77
WBDC138	2	33.42	35.76
WBDC140	2	34.2	36.08
WBDC141	2	34.13	36.03
WBDC143	2	33.57	35.9
WBDC169	2	33.5	35.78
WBDC170	2	33.63	35.95
WBDC171	2	33.58	35.85
WBDC179	2	32.5	20.9
WBDC180	2	31.83	24.23
WBDC181	2	32.02	36.02
WBDC184	2	32.37	21.17
WBDC185	2	32.77	21.72
WBDC234	2	35.15	33.88
WBDC238	2	31.55	35.85
WBDC241	2	31.78	36.22
WBDC242	2	32.12	35.87
WBDC243	2	32.03	35.67
WBDC244	2	32.08	35.71
WBDC247	2	32.37	35.7
WBDC252	2	32.28	35.68
WBDC253	2	32.35	35.82
WBDC254	2	32.62	35.7
WBDC255	2	32.35	35.67
WBDC256	2	32.33	35.63
WBDC257	2	31.18	35.7
WBDC260	2	30.5	35.5
WBDC261	2	30.52	35.53
WBDC262	2	30.3	35.48
WBDC265	2	30.93	35.67
WBDC266	2	30.88	35.67
WBDC269	2	33.42	35.87
WBDC270	2	31.68	34.87
WBDC274	2	30.87	34.77
WBDC275	2	31.58	34.55
WBDC277	2	32.15	34.93
WBDC278	2	31.83	34.77
WBDC279	2	31.82	34.78
WBDC280	2	32.02	34.83
WBDC281	2	33.03	35.58
WBDC282	2	32.68	35.22
WBDC284	2	32.67	35.6
WBDC286	2	32.97	35.47
WBDC289	2	32.52	35.48
WBDC290	2	31.67	34.93
WBDC291	2	31.72	34.92
WBDC292	2	31.8	35.02
WBDC293	2	31.8	35.17
WBDC294	2	31.75	34.98
WBDC303	2	33.74	36.11
WBDC304	2	33.64	35.96
WBDC305	2	33.66	36
WBDC306	2	33.73	36.13
WBDC312	2	34.47	36.76
WBDC348	2	32.44	35
WBDC349	2	32.14	35.14
WBDC005	3	32.45	35.92
WBDC006	3	32.3	36.17
WBDC007	3	32.33	35.92
WBDC039	3	32.03	35.83
WBDC046	3	32.48	35.9
WBDC047	3	32.53	36.07
WBDC059	3	34.98	34.05
WBDC068	3	32.82	36.72
WBDC097	3	31.28	35.83
WBDC109	3	32.77	36.72
WBDC110	3	32.78	36.79
WBDC112	3	33.98	36.59
WBDC127	3	32.94	36.73
WBDC129	3	32.81	36.42
WBDC130	3	32.83	36.18
WBDC131	3	33.01	36.04
WBDC137	3	33.45	35.82
WBDC139	3	33.93	36.1
WBDC159	3	32.68	36.79
WBDC160	3	32.96	36.6
WBDC195	3	36.81	37.22
WBDC206	3	32.55	36.6
WBDC236	3	31.6	35.62
WBDC237	3	31.53	35.62
WBDC240	3	31.88	35.94
WBDC245	3	32.17	35.87
WBDC258	3	31.28	35.75
WBDC263	3	30.38	35.47
WBDC285	3	32.98	35.45
WBDC307	3	33.2	36.07
WBDC308	3	32.6	36.38
WBDC318	3	32.6	36.74
WBDC319	3	32.49	36.68
WBDC320	3	32.42	36.62
WBDC205	4	42.05	48.27
WBDC217	4	40.2	44.53
WBDC228	4	40.49	49.19
WBDC229	4	40.53	48.89
WBDC230	4	40.61	48.88
WBDC231	4	40.71	48.8
WBDC232	4	40.7	48.63
WBDC001	5	36.22	36.7
WBDC002	5	35.71	37.44
WBDC004	5	35.97	36.54
WBDC008	5	32.67	35.62
WBDC009	5	31.53	35.75
WBDC017	5	32.74	35.82
WBDC055	5	35.61	35.82
WBDC061	5	36.16	36.58
WBDC062	5	36.38	36.84
WBDC063	5	36.72	36.64
WBDC064	5	35.8	36.24
WBDC105	5	32.65	35.83
WBDC106	5	34.94	36.74
WBDC107	5	34.75	36.73
WBDC142	5	34.02	36.08
WBDC145	5	33.8	36.02
WBDC151	5	36.52	36.95
WBDC183	5	32.63	35.72
WBDC192	5	37.04	37.61
WBDC193	5	37.32	37.47
WBDC194	5	36.97	37.19
WBDC196	5	36.99	36.93
WBDC197	5	36.48	37.77
WBDC198	5	34.82	36.47
WBDC199	5	34.91	36.64
WBDC202	5	35.6	36.55
WBDC203	5	35.63	36.45
WBDC246	5	32.68	35.75
WBDC250	5	32.58	35.93
WBDC271	5	31.43	34.48
WBDC299	5	36.66	36.71
WBDC300	5	36.37	36.86
WBDC302	5	33.37	35.88
WBDC309	5	35.03	37.01
WBDC315	5	34.94	36.85
WBDC316	5	36.23	36.55
WBDC337	5	37.23	37.52
WBDC338	5	37.27	37.54
WBDC340	5	37.25	37.33
WBDC341	5	36.95	36.93
WBDC342	5	36.97	36.9
WBDC343	5	36.87	36.95
WBDC012	6	36.28	64.82
WBDC014	6	35.75	69
WBDC015	6	34.35	62.18
WBDC018	6	34.98	63.12
WBDC025	6	30.3	66.9
WBDC026	6	37.65	69.1
WBDC036	6	34.57	63
WBDC113	6	37.92	58.17
WBDC115	6	38.33	55.87
WBDC116	6	38.32	56.38
WBDC117	6	38.17	56.05
WBDC119	6	40.08	67.58
WBDC120	6	39.47	67.5
WBDC123	6	36.42	58.47
WBDC125	6	38.8	66.47
WBDC152	6	35.5	51.25
WBDC158	6	35.37	43.2
WBDC174	6	36.27	47.77
WBDC175	6	36.27	47.77
WBDC204	6	38.58	57.12
WBDC207	6	40.34	71.18
WBDC208	6	41.61	69.91
WBDC209	6	40.13	68.4
WBDC210	6	39.93	67.68
WBDC212	6	40.01	67.09
WBDC213	6	39.55	66.56
WBDC214	6	39.4	67.02
WBDC215	6	38.28	56.29
WBDC216	6	38.73	56.85
WBDC218	6	43.06	73.66
WBDC220	6	42.42	69.7
WBDC221	6	40.13	69.33
WBDC222	6	40.13	69.33
WBDC223	6	39.97	69
WBDC225	6	40.12	69.2
WBDC233	6	35.93	68.7
WBDC268	6	31.75	36.76
WBDC288	6	32.98	35.42
WBDC323	6	37.9	58.55
WBDC324	6	35.83	61.46
WBDC326	6	37.72	58.6
WBDC329	6	38.18	55.6
WBDC330	6	38.77	56.29
WBDC331	6	39.24	56.11
WBDC332	6	38.43	56.42
WBDC333	6	38.41	56.49
WBDC334	6	38.27	56.31
WBDC335	6	39.25	55.62
WBDC336	6	38.42	56.68
WBDC345	6	38.95	66.83
WBDC346	6	39.92	66.37
WBDC347	6	37.8	67
WBDC355	6	40.31	48.81